sonson.sff
#
1
1
90000000.pcx
9000
0000
0
0
#
1
2
00000000.pcx
0000
0000
280
437
#
1
2
00000001.pcx
0000
0001
280
437
#
1
2
00000002.pcx
0000
0002
280
437
#
1
2
00000003.pcx
0000
0003
280
437
#
1
2
00000004.pcx
0000
0004
280
437
#
1
2
00000005.pcx
0000
0005
280
437
#
1
2
00000006.pcx
0000
0006
280
437
#
1
2
00000007.pcx
0000
0007
280
437
#
1
2
00000008.pcx
0000
0008
280
437
#
1
2
00000009.pcx
0000
0009
280
437
#
1
2
00000010.pcx
0000
0010
280
437
#
1
2
00000011.pcx
0000
0011
280
437
#
1
2
00000012.pcx
0000
0012
280
437
#
1
2
00000013.pcx
0000
0013
280
437
#
1
2
00000014.pcx
0000
0014
280
437
#
1
2
00000015.pcx
0000
0015
280
437
#
1
2
00000016.pcx
0000
0016
280
437
#
1
2
00000017.pcx
0000
0017
280
437
#
1
2
00000018.pcx
0000
0018
280
437
#
1
2
00000019.pcx
0000
0019
280
437
#
1
2
00050000.pcx
0005
0000
280
437
#
1
2
00050001.pcx
0005
0001
280
437
#
1
2
00060000.pcx
0006
0000
280
437
#
1
2
00060001.pcx
0006
0001
280
437
#
1
2
00060002.pcx
0006
0002
280
437
#
1
2
00060003.pcx
0006
0003
280
437
#
1
2
00200000.pcx
0020
0000
280
437
#
1
2
00200001.pcx
0020
0001
280
437
#
1
2
00200002.pcx
0020
0002
280
437
#
1
2
00200003.pcx
0020
0003
280
437
#
1
2
00200004.pcx
0020
0004
280
437
#
1
2
00200005.pcx
0020
0005
280
437
#
1
2
00200006.pcx
0020
0006
280
437
#
1
2
00200007.pcx
0020
0007
280
437
#
1
2
00210000.pcx
0021
0000
280
437
#
1
2
00210001.pcx
0021
0001
280
437
#
1
2
00210002.pcx
0021
0002
280
437
#
1
2
00210003.pcx
0021
0003
280
437
#
1
2
00210004.pcx
0021
0004
280
437
#
1
2
00210005.pcx
0021
0005
280
437
#
1
2
00210006.pcx
0021
0006
280
437
#
1
2
00210007.pcx
0021
0007
280
437
#
1
2
00400000.pcx
0040
0000
280
437
#
1
2
00400001.pcx
0040
0001
280
437
#
1
2
00410000.pcx
0041
0000
280
437
#
1
2
00410001.pcx
0041
0001
280
437
#
1
2
00410002.pcx
0041
0002
280
437
#
1
2
00410003.pcx
0041
0003
280
437
#
1
2
00410004.pcx
0041
0004
280
437
#
1
2
00410005.pcx
0041
0005
280
437
#
1
2
00410006.pcx
0041
0006
280
437
#
1
2
00410007.pcx
0041
0007
280
437
#
1
2
00410008.pcx
0041
0008
280
437
#
1
2
00410009.pcx
0041
0009
280
437
#
1
2
00430000.pcx
0043
0000
280
437
#
1
2
00430001.pcx
0043
0001
280
437
#
1
2
00430002.pcx
0043
0002
280
437
#
1
2
00430003.pcx
0043
0003
280
437
#
1
2
00430004.pcx
0043
0004
280
437
#
1
2
00430005.pcx
0043
0005
280
437
#
1
2
00430006.pcx
0043
0006
280
437
#
1
2
00430007.pcx
0043
0007
280
437
#
1
2
00430008.pcx
0043
0008
280
437
#
1
2
00430009.pcx
0043
0009
280
437
#
1
2
00440000.pcx
0044
0000
280
437
#
1
2
00440001.pcx
0044
0001
280
437
#
1
2
00470000.pcx
0047
0000
280
437
#
1
2
00470001.pcx
0047
0001
280
437
#
1
2
00470002.pcx
0047
0002
280
437
#
1
2
00470003.pcx
0047
0003
280
437
#
1
2
00470004.pcx
0047
0004
280
437
#
1
2
00470005.pcx
0047
0005
280
437
#
1
2
00470006.pcx
0047
0006
280
437
#
1
2
01000000.pcx
0100
0000
280
437
#
1
2
01000001.pcx
0100
0001
280
437
#
1
2
01000002.pcx
0100
0002
280
437
#
1
2
01000003.pcx
0100
0003
280
437
#
1
2
01000004.pcx
0100
0004
280
437
#
1
2
01000005.pcx
0100
0005
280
437
#
1
2
01050000.pcx
0105
0000
280
437
#
1
2
01050001.pcx
0105
0001
280
437
#
1
2
01050002.pcx
0105
0002
280
437
#
1
2
01050003.pcx
0105
0003
280
437
#
1
2
01050004.pcx
0105
0004
280
437
#
1
2
01050005.pcx
0105
0005
280
437
#
1
2
01050006.pcx
0105
0006
280
437
#
1
2
01050007.pcx
0105
0007
280
437
#
1
2
01050008.pcx
0105
0008
280
437
#
1
2
01050009.pcx
0105
0009
280
437
#
1
2
01200000.pcx
0120
0000
280
437
#
1
2
01200001.pcx
0120
0001
280
437
#
1
2
01200002.pcx
0120
0002
280
437
#
1
2
01200003.pcx
0120
0003
280
437
#
1
2
01210000.pcx
0121
0000
280
437
#
1
2
01210001.pcx
0121
0001
280
437
#
1
2
01210002.pcx
0121
0002
280
437
#
1
2
01210003.pcx
0121
0003
280
437
#
1
2
01220000.pcx
0122
0000
280
437
#
1
2
01220001.pcx
0122
0001
280
437
#
1
2
01220002.pcx
0122
0002
280
437
#
1
2
01220003.pcx
0122
0003
280
437
#
1
2
01300000.pcx
0130
0000
280
437
#
1
2
01300001.pcx
0130
0001
280
437
#
1
2
01300002.pcx
0130
0002
280
437
#
1
2
01300003.pcx
0130
0003
280
437
#
1
2
01300004.pcx
0130
0004
280
437
#
1
2
01300005.pcx
0130
0005
280
437
#
1
2
01400000.pcx
0140
0000
280
437
#
1
2
01400001.pcx
0140
0001
280
437
#
1
2
01400002.pcx
0140
0002
280
437
#
1
2
01400003.pcx
0140
0003
280
437
#
1
2
01400004.pcx
0140
0004
280
437
#
1
2
01400005.pcx
0140
0005
280
437
#
1
2
01400006.pcx
0140
0006
280
437
#
1
2
01400007.pcx
0140
0007
280
437
#
1
2
01400008.pcx
0140
0008
280
437
#
1
2
01400009.pcx
0140
0009
280
437
#
1
2
01400010.pcx
0140
0010
280
437
#
1
2
01400011.pcx
0140
0011
280
437
#
1
2
01400012.pcx
0140
0012
280
437
#
1
2
01400013.pcx
0140
0013
280
437
#
1
2
01400014.pcx
0140
0014
280
437
#
1
2
01400015.pcx
0140
0015
280
437
#
1
2
01400016.pcx
0140
0016
280
437
#
1
2
01400017.pcx
0140
0017
280
437
#
1
2
01400018.pcx
0140
0018
280
437
#
1
2
01400019.pcx
0140
0019
280
437
#
1
2
01400020.pcx
0140
0020
280
437
#
1
2
01400021.pcx
0140
0021
280
437
#
1
2
01400022.pcx
0140
0022
280
437
#
1
2
01400023.pcx
0140
0023
280
437
#
1
2
01400024.pcx
0140
0024
280
437
#
1
2
01400025.pcx
0140
0025
280
437
#
1
2
01400026.pcx
0140
0026
280
437
#
1
2
01400027.pcx
0140
0027
280
437
#
1
2
01400028.pcx
0140
0028
280
437
#
1
2
01400029.pcx
0140
0029
280
437
#
1
2
01400030.pcx
0140
0030
280
437
#
1
2
01400031.pcx
0140
0031
280
437
#
1
2
01400032.pcx
0140
0032
280
437
#
1
2
01600000.pcx
0160
0000
280
437
#
1
2
01600001.pcx
0160
0001
280
437
#
1
2
01600002.pcx
0160
0002
280
437
#
1
2
01600003.pcx
0160
0003
280
437
#
1
2
01600004.pcx
0160
0004
280
437
#
1
2
01600005.pcx
0160
0005
280
437
#
1
2
01600006.pcx
0160
0006
280
437
#
1
2
01600007.pcx
0160
0007
280
437
#
1
2
01600008.pcx
0160
0008
280
437
#
1
2
01600009.pcx
0160
0009
280
437
#
1
2
01600010.pcx
0160
0010
280
437
#
1
2
01600011.pcx
0160
0011
280
437
#
1
2
01600012.pcx
0160
0012
280
437
#
1
2
01600013.pcx
0160
0013
280
437
#
1
2
01600014.pcx
0160
0014
280
437
#
1
2
01600015.pcx
0160
0015
280
437
#
1
2
01700000.pcx
0170
0000
280
437
#
1
2
01700001.pcx
0170
0001
280
437
#
1
2
01700002.pcx
0170
0002
280
437
#
1
2
01700003.pcx
0170
0003
280
437
#
1
2
01700004.pcx
0170
0004
280
437
#
1
2
01700005.pcx
0170
0005
280
437
#
1
2
01700006.pcx
0170
0006
280
437
#
1
2
01700007.pcx
0170
0007
280
437
#
1
2
01700008.pcx
0170
0008
280
437
#
1
2
01890000.pcx
0189
0000
280
437
#
1
2
01890001.pcx
0189
0001
280
437
#
1
2
01890002.pcx
0189
0002
280
437
#
1
2
01890003.pcx
0189
0003
280
437
#
1
2
01890004.pcx
0189
0004
280
437
#
1
2
01890005.pcx
0189
0005
280
437
#
1
2
01890006.pcx
0189
0006
280
437
#
1
2
01890007.pcx
0189
0007
280
437
#
1
2
01890008.pcx
0189
0008
280
437
#
1
2
01890009.pcx
0189
0009
280
437
#
1
2
01890010.pcx
0189
0010
280
437
#
1
2
01890011.pcx
0189
0011
280
437
#
1
2
01890012.pcx
0189
0012
280
437
#
1
2
01890013.pcx
0189
0013
280
437
#
1
2
01890014.pcx
0189
0014
280
437
#
1
2
01890015.pcx
0189
0015
280
437
#
1
2
01890016.pcx
0189
0016
280
437
#
1
2
01890017.pcx
0189
0017
280
437
#
1
2
01890018.pcx
0189
0018
280
437
#
1
2
01890019.pcx
0189
0019
280
437
#
1
2
01890020.pcx
0189
0020
280
437
#
1
2
01890021.pcx
0189
0021
280
437
#
1
2
01890022.pcx
0189
0022
280
437
#
1
2
01890023.pcx
0189
0023
280
437
#
1
2
01890024.pcx
0189
0024
280
437
#
1
2
01890025.pcx
0189
0025
280
437
#
1
2
01890026.pcx
0189
0026
280
437
#
1
2
01890027.pcx
0189
0027
280
437
#
1
2
01890028.pcx
0189
0028
280
437
#
1
2
01890029.pcx
0189
0029
280
437
#
1
2
01890030.pcx
0189
0030
280
437
#
1
2
01890031.pcx
0189
0031
280
437
#
1
2
01890032.pcx
0189
0032
280
437
#
1
2
01890033.pcx
0189
0033
280
437
#
1
2
01890034.pcx
0189
0034
280
437
#
1
2
01890035.pcx
0189
0035
280
437
#
1
2
01890036.pcx
0189
0036
280
437
#
1
2
01890037.pcx
0189
0037
280
437
#
1
2
01890038.pcx
0189
0038
280
437
#
1
2
01890039.pcx
0189
0039
280
437
#
1
2
01890040.pcx
0189
0040
280
437
#
1
2
01890041.pcx
0189
0041
280
437
#
1
2
01890042.pcx
0189
0042
280
437
#
1
2
01890043.pcx
0189
0043
280
437
#
1
2
01890044.pcx
0189
0044
280
437
#
1
2
01890045.pcx
0189
0045
280
437
#
1
2
01890046.pcx
0189
0046
280
437
#
1
2
01890047.pcx
0189
0047
280
437
#
1
2
01890048.pcx
0189
0048
280
437
#
1
2
01890049.pcx
0189
0049
280
437
#
1
2
01890050.pcx
0189
0050
280
437
#
1
2
01890051.pcx
0189
0051
280
437
#
1
2
01890052.pcx
0189
0052
280
437
#
1
2
01890053.pcx
0189
0053
280
437
#
1
2
01890054.pcx
0189
0054
280
437
#
1
2
01890055.pcx
0189
0055
280
437
#
1
2
01890056.pcx
0189
0056
280
437
#
1
2
01890057.pcx
0189
0057
280
437
#
1
2
01890058.pcx
0189
0058
280
437
#
1
2
01890059.pcx
0189
0059
280
437
#
1
2
01890060.pcx
0189
0060
280
437
#
1
2
01890061.pcx
0189
0061
280
437
#
1
2
01890062.pcx
0189
0062
280
437
#
1
2
01890063.pcx
0189
0063
280
437
#
1
2
01890064.pcx
0189
0064
280
437
#
1
2
01890065.pcx
0189
0065
280
437
#
1
2
01890066.pcx
0189
0066
280
437
#
1
2
01890067.pcx
0189
0067
280
437
#
1
2
01890068.pcx
0189
0068
280
437
#
1
2
01890069.pcx
0189
0069
280
437
#
1
2
01890070.pcx
0189
0070
280
437
#
1
2
01890071.pcx
0189
0071
280
437
#
1
2
01890072.pcx
0189
0072
280
437
#
1
2
01890073.pcx
0189
0073
280
437
#
1
2
01890074.pcx
0189
0074
280
437
#
1
2
01890075.pcx
0189
0075
280
437
#
1
2
01890076.pcx
0189
0076
280
437
#
1
2
01890077.pcx
0189
0077
280
437
#
1
2
01890078.pcx
0189
0078
280
437
#
1
2
01890079.pcx
0189
0079
280
437
#
1
2
01890080.pcx
0189
0080
280
437
#
1
2
01890081.pcx
0189
0081
280
437
#
1
2
01890082.pcx
0189
0082
280
437
#
1
2
01890083.pcx
0189
0083
280
437
#
1
2
01890084.pcx
0189
0084
280
437
#
1
2
01890085.pcx
0189
0085
280
437
#
1
2
01890086.pcx
0189
0086
280
437
#
1
2
01890087.pcx
0189
0087
280
437
#
1
2
01890088.pcx
0189
0088
280
437
#
1
2
01890089.pcx
0189
0089
280
437
#
1
2
01890090.pcx
0189
0090
280
437
#
1
2
01890091.pcx
0189
0091
280
437
#
1
2
01890092.pcx
0189
0092
280
437
#
1
2
01890093.pcx
0189
0093
280
437
#
1
2
01890094.pcx
0189
0094
280
437
#
1
2
01890095.pcx
0189
0095
280
437
#
1
2
01890096.pcx
0189
0096
280
437
#
1
2
01890097.pcx
0189
0097
280
437
#
1
2
01890098.pcx
0189
0098
280
437
#
1
2
01890099.pcx
0189
0099
280
437
#
1
2
01890100.pcx
0189
0100
280
437
#
1
2
01890101.pcx
0189
0101
280
437
#
1
2
01890102.pcx
0189
0102
280
437
#
1
2
01890103.pcx
0189
0103
280
437
#
1
2
01900000.pcx
0190
0000
280
437
#
1
2
01900001.pcx
0190
0001
280
437
#
1
2
01900002.pcx
0190
0002
280
437
#
1
2
01910000.pcx
0191
0000
280
437
#
1
2
01910001.pcx
0191
0001
280
437
#
1
2
01910002.pcx
0191
0002
280
437
#
1
2
01910003.pcx
0191
0003
280
437
#
1
2
01910004.pcx
0191
0004
280
437
#
1
2
01910005.pcx
0191
0005
280
437
#
1
2
01910006.pcx
0191
0006
280
437
#
1
2
01910007.pcx
0191
0007
280
437
#
1
2
01910008.pcx
0191
0008
280
437
#
1
2
01910009.pcx
0191
0009
280
437
#
1
2
01910010.pcx
0191
0010
280
437
#
1
2
01910011.pcx
0191
0011
280
437
#
1
2
01910012.pcx
0191
0012
280
437
#
1
2
01910013.pcx
0191
0013
280
437
#
1
2
01910014.pcx
0191
0014
280
437
#
1
2
01910015.pcx
0191
0015
280
437
#
1
2
01910016.pcx
0191
0016
280
437
#
1
2
01910017.pcx
0191
0017
280
437
#
1
2
01910018.pcx
0191
0018
280
437
#
1
2
01910019.pcx
0191
0019
280
437
#
1
2
01910020.pcx
0191
0020
280
437
#
1
2
01910021.pcx
0191
0021
280
437
#
1
2
01910022.pcx
0191
0022
280
437
#
1
2
01910023.pcx
0191
0023
280
437
#
1
2
01910024.pcx
0191
0024
280
437
#
1
2
01910025.pcx
0191
0025
280
437
#
1
2
01910026.pcx
0191
0026
280
437
#
1
2
01910027.pcx
0191
0027
280
437
#
1
2
01920000.pcx
0192
0000
280
437
#
1
2
01920001.pcx
0192
0001
280
437
#
1
2
01920002.pcx
0192
0002
280
437
#
1
2
01920003.pcx
0192
0003
280
437
#
1
2
01920004.pcx
0192
0004
280
437
#
1
2
01920005.pcx
0192
0005
280
437
#
1
2
01920006.pcx
0192
0006
280
437
#
1
2
01920007.pcx
0192
0007
280
437
#
1
2
01920008.pcx
0192
0008
280
437
#
1
2
01920009.pcx
0192
0009
280
437
#
1
2
01920010.pcx
0192
0010
280
437
#
1
2
01920011.pcx
0192
0011
280
437
#
1
2
01920012.pcx
0192
0012
280
437
#
1
2
01920013.pcx
0192
0013
280
437
#
1
2
01920014.pcx
0192
0014
280
437
#
1
2
01920015.pcx
0192
0015
280
437
#
1
2
01920016.pcx
0192
0016
280
437
#
1
2
01920017.pcx
0192
0017
280
437
#
1
2
01920018.pcx
0192
0018
280
437
#
1
2
01920019.pcx
0192
0019
280
437
#
1
2
01920020.pcx
0192
0020
280
437
#
1
2
01930000.pcx
0193
0000
280
437
#
1
2
01930001.pcx
0193
0001
280
437
#
1
2
01930002.pcx
0193
0002
280
437
#
1
2
01930003.pcx
0193
0003
280
437
#
1
2
01930004.pcx
0193
0004
280
437
#
1
2
01930005.pcx
0193
0005
280
437
#
1
2
01930006.pcx
0193
0006
280
437
#
1
2
01930007.pcx
0193
0007
280
437
#
1
2
01930008.pcx
0193
0008
280
437
#
1
2
01930009.pcx
0193
0009
280
437
#
1
2
01940000.pcx
0194
0000
280
437
#
1
2
01940001.pcx
0194
0001
280
437
#
1
2
01940002.pcx
0194
0002
280
437
#
1
2
01940003.pcx
0194
0003
280
437
#
1
2
01940004.pcx
0194
0004
280
437
#
1
2
01940005.pcx
0194
0005
280
437
#
1
2
01940006.pcx
0194
0006
280
437
#
1
2
01950000.pcx
0195
0000
280
437
#
1
2
01950001.pcx
0195
0001
280
437
#
1
2
01950002.pcx
0195
0002
280
437
#
1
2
01950003.pcx
0195
0003
280
437
#
1
2
01950004.pcx
0195
0004
280
437
#
1
2
01950005.pcx
0195
0005
280
437
#
1
2
01990000.pcx
0199
0000
45
92
#
1
2
01990001.pcx
0199
0001
-11
14
#
1
2
02000000.pcx
0200
0000
280
437
#
1
2
02000001.pcx
0200
0001
280
437
#
1
2
02000002.pcx
0200
0002
280
437
#
1
2
02000003.pcx
0200
0003
280
437
#
1
2
02000004.pcx
0200
0004
280
437
#
1
2
02000005.pcx
0200
0005
280
437
#
1
2
02000006.pcx
0200
0006
280
437
#
1
2
02000007.pcx
0200
0007
280
437
#
1
2
02000008.pcx
0200
0008
280
437
#
1
2
02000009.pcx
0200
0009
280
437
#
1
2
02100000.pcx
0210
0000
280
437
#
1
2
02100001.pcx
0210
0001
280
437
#
1
2
02100002.pcx
0210
0002
280
437
#
1
2
02100003.pcx
0210
0003
280
437
#
1
2
02100004.pcx
0210
0004
280
437
#
1
2
02100005.pcx
0210
0005
280
437
#
1
2
02100006.pcx
0210
0006
280
437
#
1
2
02100007.pcx
0210
0007
280
437
#
1
2
02100008.pcx
0210
0008
280
437
#
1
2
02100009.pcx
0210
0009
280
437
#
1
2
02100010.pcx
0210
0010
280
437
#
1
2
02100011.pcx
0210
0011
280
437
#
1
2
02200000.pcx
0220
0000
280
437
#
1
2
02200001.pcx
0220
0001
280
437
#
1
2
02200002.pcx
0220
0002
280
437
#
1
2
02200003.pcx
0220
0003
280
437
#
1
2
02200004.pcx
0220
0004
280
437
#
1
2
02200005.pcx
0220
0005
280
437
#
1
2
02200006.pcx
0220
0006
280
437
#
1
2
02200007.pcx
0220
0007
280
437
#
1
2
02200008.pcx
0220
0008
280
437
#
1
2
02200009.pcx
0220
0009
280
437
#
1
2
02200010.pcx
0220
0010
280
437
#
1
2
02300000.pcx
0230
0000
280
437
#
1
2
02300001.pcx
0230
0001
280
437
#
1
2
02300002.pcx
0230
0002
280
437
#
1
2
02300003.pcx
0230
0003
280
437
#
1
2
02300004.pcx
0230
0004
280
437
#
1
2
02300005.pcx
0230
0005
280
437
#
1
2
02400000.pcx
0240
0000
280
437
#
1
2
02400001.pcx
0240
0001
280
437
#
1
2
02400002.pcx
0240
0002
280
437
#
1
2
02400003.pcx
0240
0003
280
437
#
1
2
02400004.pcx
0240
0004
280
437
#
1
2
02400005.pcx
0240
0005
280
437
#
1
2
02400006.pcx
0240
0006
280
437
#
1
2
02400007.pcx
0240
0007
280
437
#
1
2
02400008.pcx
0240
0008
280
437
#
1
2
02400009.pcx
0240
0009
280
437
#
1
2
02400010.pcx
0240
0010
280
437
#
1
2
02400011.pcx
0240
0011
280
437
#
1
2
02500000.pcx
0250
0000
280
437
#
1
2
02500001.pcx
0250
0001
280
437
#
1
2
02500002.pcx
0250
0002
280
437
#
1
2
02500003.pcx
0250
0003
280
437
#
1
2
02500004.pcx
0250
0004
280
437
#
1
2
02500005.pcx
0250
0005
280
437
#
1
2
02500006.pcx
0250
0006
280
437
#
1
2
02500007.pcx
0250
0007
280
437
#
1
2
02500008.pcx
0250
0008
280
437
#
1
2
02500009.pcx
0250
0009
280
437
#
1
2
02500010.pcx
0250
0010
280
437
#
1
2
02500011.pcx
0250
0011
280
437
#
1
2
02500012.pcx
0250
0012
280
437
#
1
2
02500013.pcx
0250
0013
280
437
#
1
2
04000000.pcx
0400
0000
280
437
#
1
2
04000001.pcx
0400
0001
280
437
#
1
2
04000002.pcx
0400
0002
280
437
#
1
2
04000003.pcx
0400
0003
280
437
#
1
2
04000004.pcx
0400
0004
280
437
#
1
2
04000005.pcx
0400
0005
280
437
#
1
2
04100000.pcx
0410
0000
280
437
#
1
2
04100001.pcx
0410
0001
280
437
#
1
2
04100002.pcx
0410
0002
280
437
#
1
2
04100003.pcx
0410
0003
280
437
#
1
2
04100004.pcx
0410
0004
280
437
#
1
2
04100005.pcx
0410
0005
280
437
#
1
2
04100006.pcx
0410
0006
280
437
#
1
2
04100007.pcx
0410
0007
280
437
#
1
2
04200000.pcx
0420
0000
280
437
#
1
2
04200001.pcx
0420
0001
280
437
#
1
2
04200002.pcx
0420
0002
280
437
#
1
2
04200003.pcx
0420
0003
280
437
#
1
2
04200004.pcx
0420
0004
280
437
#
1
2
04200005.pcx
0420
0005
280
437
#
1
2
04200006.pcx
0420
0006
280
437
#
1
2
04200007.pcx
0420
0007
280
437
#
1
2
04200008.pcx
0420
0008
280
437
#
1
2
04200009.pcx
0420
0009
280
437
#
1
2
04200010.pcx
0420
0010
280
437
#
1
2
04200011.pcx
0420
0011
280
437
#
1
2
04300000.pcx
0430
0000
280
437
#
1
2
04300001.pcx
0430
0001
280
437
#
1
2
04300002.pcx
0430
0002
280
437
#
1
2
04300003.pcx
0430
0003
280
437
#
1
2
04300004.pcx
0430
0004
280
437
#
1
2
04300005.pcx
0430
0005
280
437
#
1
2
04400000.pcx
0440
0000
280
437
#
1
2
04400001.pcx
0440
0001
280
437
#
1
2
04400002.pcx
0440
0002
280
437
#
1
2
04400003.pcx
0440
0003
280
437
#
1
2
04400004.pcx
0440
0004
280
437
#
1
2
04400005.pcx
0440
0005
280
437
#
1
2
04500000.pcx
0450
0000
280
437
#
1
2
04500001.pcx
0450
0001
280
437
#
1
2
04500002.pcx
0450
0002
280
437
#
1
2
04500003.pcx
0450
0003
280
437
#
1
2
04500004.pcx
0450
0004
280
437
#
1
2
04500005.pcx
0450
0005
280
437
#
1
2
04500006.pcx
0450
0006
280
437
#
1
2
04500007.pcx
0450
0007
280
437
#
1
2
04500008.pcx
0450
0008
280
437
#
1
2
05000000.pcx
0500
0000
280
437
#
1
2
05000001.pcx
0500
0001
280
437
#
1
2
05000002.pcx
0500
0002
280
437
#
1
2
05000003.pcx
0500
0003
280
437
#
1
2
05000004.pcx
0500
0004
280
437
#
1
2
05000005.pcx
0500
0005
280
437
#
1
2
05000006.pcx
0500
0006
280
437
#
1
2
05000007.pcx
0500
0007
280
437
#
1
2
05000008.pcx
0500
0008
280
437
#
1
2
05000009.pcx
0500
0009
280
437
#
1
2
05000010.pcx
0500
0010
280
437
#
1
2
05000011.pcx
0500
0011
280
437
#
1
2
05000012.pcx
0500
0012
280
437
#
1
2
05000013.pcx
0500
0013
280
437
#
1
2
05000014.pcx
0500
0014
280
437
#
1
2
06000000.pcx
0600
0000
280
437
#
1
2
06000001.pcx
0600
0001
280
437
#
1
2
06000002.pcx
0600
0002
280
437
#
1
2
06000003.pcx
0600
0003
280
437
#
1
2
06100000.pcx
0610
0000
280
437
#
1
2
06100001.pcx
0610
0001
280
437
#
1
2
06100002.pcx
0610
0002
280
437
#
1
2
06100003.pcx
0610
0003
280
437
#
1
2
06100004.pcx
0610
0004
280
437
#
1
2
06100005.pcx
0610
0005
280
437
#
1
2
06100006.pcx
0610
0006
280
437
#
1
2
06200000.pcx
0620
0000
280
437
#
1
2
06200001.pcx
0620
0001
280
437
#
1
2
06200002.pcx
0620
0002
280
437
#
1
2
06200003.pcx
0620
0003
280
437
#
1
2
06200004.pcx
0620
0004
280
437
#
1
2
06200005.pcx
0620
0005
280
437
#
1
2
06300000.pcx
0630
0000
280
437
#
1
2
06300001.pcx
0630
0001
280
437
#
1
2
06300002.pcx
0630
0002
280
437
#
1
2
06300003.pcx
0630
0003
280
437
#
1
2
06300004.pcx
0630
0004
280
437
#
1
2
06400000.pcx
0640
0000
280
437
#
1
2
06400001.pcx
0640
0001
280
437
#
1
2
06400002.pcx
0640
0002
280
437
#
1
2
06400003.pcx
0640
0003
280
437
#
1
2
06400004.pcx
0640
0004
280
437
#
1
2
06500000.pcx
0650
0000
280
437
#
1
2
06500001.pcx
0650
0001
280
437
#
1
2
06500002.pcx
0650
0002
280
437
#
1
2
06500003.pcx
0650
0003
280
437
#
1
2
06500004.pcx
0650
0004
280
437
#
1
2
06500005.pcx
0650
0005
280
437
#
1
2
08000000.pcx
0800
0000
280
437
#
1
2
08000001.pcx
0800
0001
280
437
#
1
2
08000002.pcx
0800
0002
280
437
#
1
2
08000003.pcx
0800
0003
280
437
#
1
2
08000004.pcx
0800
0004
280
437
#
1
2
08000005.pcx
0800
0005
280
437
#
1
2
08000006.pcx
0800
0006
280
437
#
1
2
08000007.pcx
0800
0007
280
437
#
1
2
08000008.pcx
0800
0008
280
437
#
1
2
08000009.pcx
0800
0009
280
437
#
1
2
08000010.pcx
0800
0010
280
437
#
1
2
08000011.pcx
0800
0011
280
437
#
1
2
08000012.pcx
0800
0012
280
437
#
1
2
08000013.pcx
0800
0013
280
437
#
1
2
08000014.pcx
0800
0014
280
437
#
1
2
08000015.pcx
0800
0015
280
437
#
1
2
08000016.pcx
0800
0016
280
437
#
1
2
08500000.pcx
0850
0000
280
437
#
1
2
08500001.pcx
0850
0001
280
437
#
1
2
08500002.pcx
0850
0002
280
437
#
1
2
08500003.pcx
0850
0003
280
437
#
1
2
08500004.pcx
0850
0004
280
437
#
1
2
08500005.pcx
0850
0005
280
437
#
1
2
08500006.pcx
0850
0006
280
437
#
1
2
08500007.pcx
0850
0007
280
437
#
1
2
08700000.pcx
0870
0000
280
437
#
1
2
08700001.pcx
0870
0001
280
437
#
1
2
08700002.pcx
0870
0002
280
437
#
1
2
08700003.pcx
0870
0003
280
437
#
1
2
08700004.pcx
0870
0004
280
437
#
1
2
08700005.pcx
0870
0005
280
437
#
1
2
08700006.pcx
0870
0006
280
437
#
1
2
08700007.pcx
0870
0007
280
437
#
1
2
08700008.pcx
0870
0008
280
437
#
1
2
08700009.pcx
0870
0009
280
437
#
1
2
08700010.pcx
0870
0010
280
437
#
1
2
08700011.pcx
0870
0011
280
437
#
1
2
08700012.pcx
0870
0012
280
437
#
1
2
08700013.pcx
0870
0013
280
437
#
1
2
08700014.pcx
0870
0014
280
437
#
1
2
08700015.pcx
0870
0015
280
437
#
1
2
08700016.pcx
0870
0016
280
437
#
1
2
08700017.pcx
0870
0017
280
437
#
1
2
08700018.pcx
0870
0018
280
437
#
1
2
08700019.pcx
0870
0019
280
437
#
1
2
08750000.pcx
0875
0000
280
437
#
1
2
08750001.pcx
0875
0001
280
437
#
1
2
08750002.pcx
0875
0002
280
437
#
1
2
08750003.pcx
0875
0003
280
437
#
1
2
10000000.pcx
1000
0000
280
437
#
1
2
10000001.pcx
1000
0001
280
437
#
1
2
10000002.pcx
1000
0002
280
437
#
1
2
10000003.pcx
1000
0003
280
437
#
1
2
10000004.pcx
1000
0004
280
437
#
1
2
10000005.pcx
1000
0005
280
437
#
1
2
10000006.pcx
1000
0006
280
437
#
1
2
10000007.pcx
1000
0007
280
437
#
1
2
10000008.pcx
1000
0008
280
437
#
1
2
10000009.pcx
1000
0009
280
437
#
1
2
10000010.pcx
1000
0010
280
437
#
1
2
10500000.pcx
1050
0000
280
437
#
1
2
10500001.pcx
1050
0001
280
437
#
1
2
10500002.pcx
1050
0002
280
437
#
1
2
10500003.pcx
1050
0003
280
437
#
1
2
10500004.pcx
1050
0004
280
437
#
1
2
10500005.pcx
1050
0005
280
437
#
1
2
10500006.pcx
1050
0006
280
437
#
1
2
10500007.pcx
1050
0007
280
437
#
1
2
10500008.pcx
1050
0008
280
437
#
1
2
10500009.pcx
1050
0009
280
437
#
1
2
10500010.pcx
1050
0010
280
437
#
1
2
11000000.pcx
1100
0000
280
437
#
1
2
11000001.pcx
1100
0001
280
437
#
1
2
11000002.pcx
1100
0002
280
437
#
1
2
11000003.pcx
1100
0003
280
437
#
1
2
11000004.pcx
1100
0004
280
437
#
1
2
11000005.pcx
1100
0005
280
437
#
1
2
11000006.pcx
1100
0006
280
437
#
1
2
11000007.pcx
1100
0007
280
437
#
1
2
11000008.pcx
1100
0008
280
437
#
1
2
11000009.pcx
1100
0009
280
437
#
1
2
11000010.pcx
1100
0010
280
437
#
1
2
11000011.pcx
1100
0011
280
437
#
1
2
11000012.pcx
1100
0012
280
437
#
1
2
11000013.pcx
1100
0013
280
437
#
1
2
11000014.pcx
1100
0014
280
437
#
1
2
11000015.pcx
1100
0015
280
437
#
1
2
11000016.pcx
1100
0016
280
437
#
1
2
11000017.pcx
1100
0017
280
437
#
1
2
11000018.pcx
1100
0018
280
437
#
1
2
11000019.pcx
1100
0019
280
437
#
1
2
11000020.pcx
1100
0020
280
437
#
1
2
11000021.pcx
1100
0021
280
437
#
1
2
11000022.pcx
1100
0022
280
437
#
1
2
11000023.pcx
1100
0023
280
437
#
1
2
11000024.pcx
1100
0024
280
437
#
1
2
11000025.pcx
1100
0025
280
437
#
1
2
11000026.pcx
1100
0026
280
437
#
1
2
11000027.pcx
1100
0027
280
437
#
1
2
11000028.pcx
1100
0028
280
437
#
1
2
11000029.pcx
1100
0029
280
437
#
1
2
11000030.pcx
1100
0030
280
437
#
1
2
11000031.pcx
1100
0031
280
437
#
1
2
11000032.pcx
1100
0032
280
437
#
1
2
11000033.pcx
1100
0033
280
437
#
1
2
11000034.pcx
1100
0034
280
437
#
1
2
11000035.pcx
1100
0035
280
437
#
1
2
11000036.pcx
1100
0036
280
437
#
1
2
11000037.pcx
1100
0037
280
437
#
1
2
11000038.pcx
1100
0038
280
437
#
1
2
11000039.pcx
1100
0039
280
437
#
1
2
11000040.pcx
1100
0040
280
437
#
1
2
15000000.pcx
1500
0000
280
437
#
1
2
15000001.pcx
1500
0001
280
437
#
1
2
15000002.pcx
1500
0002
280
437
#
1
2
15000003.pcx
1500
0003
280
437
#
1
2
15000004.pcx
1500
0004
280
437
#
1
2
15000005.pcx
1500
0005
280
437
#
1
2
15000006.pcx
1500
0006
280
437
#
1
2
15000007.pcx
1500
0007
280
437
#
1
2
15000008.pcx
1500
0008
280
437
#
1
2
15000009.pcx
1500
0009
280
437
#
1
2
15000010.pcx
1500
0010
280
437
#
1
2
15000011.pcx
1500
0011
280
437
#
1
2
15000012.pcx
1500
0012
280
437
#
1
2
15000013.pcx
1500
0013
280
437
#
1
2
15000014.pcx
1500
0014
280
437
#
1
2
15000015.pcx
1500
0015
280
437
#
1
2
15500000.pcx
1550
0000
280
437
#
1
2
15500001.pcx
1550
0001
280
437
#
1
2
15500002.pcx
1550
0002
280
437
#
1
2
15500003.pcx
1550
0003
280
437
#
1
2
15500004.pcx
1550
0004
280
437
#
1
2
15500005.pcx
1550
0005
280
437
#
1
2
15500006.pcx
1550
0006
280
437
#
1
2
15500007.pcx
1550
0007
280
437
#
1
2
15500008.pcx
1550
0008
280
437
#
1
2
15500009.pcx
1550
0009
280
437
#
1
2
15500010.pcx
1550
0010
280
437
#
1
2
15500011.pcx
1550
0011
280
437
#
1
2
15500012.pcx
1550
0012
280
437
#
1
2
15500013.pcx
1550
0013
280
437
#
1
2
15500014.pcx
1550
0014
280
437
#
1
2
15500015.pcx
1550
0015
280
437
#
1
2
18000000.pcx
1800
0000
280
437
#
1
2
18000001.pcx
1800
0001
280
437
#
1
2
18000002.pcx
1800
0002
280
437
#
1
2
18000003.pcx
1800
0003
280
437
#
1
2
18000004.pcx
1800
0004
280
437
#
1
2
18000005.pcx
1800
0005
280
437
#
1
2
18000006.pcx
1800
0006
280
437
#
1
2
18000007.pcx
1800
0007
280
437
#
1
2
18000008.pcx
1800
0008
280
437
#
1
2
18000009.pcx
1800
0009
280
437
#
1
2
18000010.pcx
1800
0010
280
437
#
1
2
18000011.pcx
1800
0011
280
437
#
1
2
18000012.pcx
1800
0012
280
437
#
1
2
18000013.pcx
1800
0013
280
437
#
1
2
18000014.pcx
1800
0014
280
437
#
1
2
18000015.pcx
1800
0015
280
437
#
1
2
18000016.pcx
1800
0016
280
437
#
1
2
18000017.pcx
1800
0017
280
437
#
1
2
18000018.pcx
1800
0018
280
437
#
1
2
18000019.pcx
1800
0019
280
437
#
1
2
18000020.pcx
1800
0020
280
437
#
1
2
18000021.pcx
1800
0021
280
437
#
1
2
18000022.pcx
1800
0022
280
437
#
1
2
18000023.pcx
1800
0023
280
437
#
1
2
18000024.pcx
1800
0024
280
437
#
1
2
18000025.pcx
1800
0025
280
437
#
1
2
18000026.pcx
1800
0026
280
437
#
1
2
18000027.pcx
1800
0027
280
437
#
1
2
18000028.pcx
1800
0028
280
437
#
1
2
18000029.pcx
1800
0029
280
437
#
1
2
18000030.pcx
1800
0030
280
437
#
1
2
18000031.pcx
1800
0031
280
437
#
1
2
18000032.pcx
1800
0032
280
437
#
1
2
18000033.pcx
1800
0033
280
437
#
1
2
18000034.pcx
1800
0034
280
437
#
1
2
18000035.pcx
1800
0035
280
437
#
1
2
18000036.pcx
1800
0036
280
437
#
1
2
18000037.pcx
1800
0037
280
437
#
1
2
18000038.pcx
1800
0038
280
437
#
1
2
18000039.pcx
1800
0039
280
437
#
1
2
18000040.pcx
1800
0040
280
437
#
1
2
18000041.pcx
1800
0041
280
437
#
1
2
18000042.pcx
1800
0042
280
437
#
1
2
18000043.pcx
1800
0043
280
437
#
1
2
18000044.pcx
1800
0044
280
437
#
1
2
18000045.pcx
1800
0045
280
437
#
1
2
18000046.pcx
1800
0046
280
437
#
1
2
18000047.pcx
1800
0047
280
437
#
1
2
18000048.pcx
1800
0048
280
437
#
1
2
18000049.pcx
1800
0049
280
437
#
1
2
18000050.pcx
1800
0050
280
437
#
1
2
18000051.pcx
1800
0051
280
437
#
1
2
18000052.pcx
1800
0052
280
437
#
1
2
18500000.pcx
1850
0000
280
437
#
1
2
18500001.pcx
1850
0001
280
437
#
1
2
18500002.pcx
1850
0002
280
437
#
1
2
18500003.pcx
1850
0003
280
437
#
1
2
18500004.pcx
1850
0004
280
437
#
1
2
18500005.pcx
1850
0005
280
437
#
1
2
18500006.pcx
1850
0006
280
437
#
1
2
18500007.pcx
1850
0007
280
437
#
1
2
18500008.pcx
1850
0008
280
437
#
1
2
18500009.pcx
1850
0009
280
437
#
1
2
18500010.pcx
1850
0010
280
437
#
1
2
18500011.pcx
1850
0011
280
437
#
1
2
18500012.pcx
1850
0012
280
437
#
1
2
18500013.pcx
1850
0013
280
437
#
1
2
20000000.pcx
2000
0000
280
437
#
1
2
20000001.pcx
2000
0001
280
437
#
1
2
20000002.pcx
2000
0002
280
437
#
1
2
20000003.pcx
2000
0003
280
437
#
1
2
20000004.pcx
2000
0004
280
437
#
1
2
20000005.pcx
2000
0005
280
437
#
1
2
20000006.pcx
2000
0006
280
437
#
1
2
20000007.pcx
2000
0007
280
437
#
1
2
20000008.pcx
2000
0008
280
437
#
1
2
20000009.pcx
2000
0009
280
437
#
1
2
20000010.pcx
2000
0010
280
437
#
1
2
20000011.pcx
2000
0011
280
437
#
1
2
20000012.pcx
2000
0012
280
437
#
1
2
20000013.pcx
2000
0013
280
437
#
1
2
20000014.pcx
2000
0014
280
437
#
1
2
20000015.pcx
2000
0015
280
437
#
1
2
20000016.pcx
2000
0016
280
437
#
1
2
20000017.pcx
2000
0017
280
437
#
1
2
20000018.pcx
2000
0018
280
437
#
1
2
20000019.pcx
2000
0019
280
437
#
1
2
20000020.pcx
2000
0020
280
437
#
1
2
20000021.pcx
2000
0021
280
437
#
1
2
20000022.pcx
2000
0022
280
437
#
1
2
20000023.pcx
2000
0023
280
437
#
1
2
20000024.pcx
2000
0024
280
437
#
1
2
20000025.pcx
2000
0025
280
437
#
1
2
20000026.pcx
2000
0026
280
437
#
1
2
20000027.pcx
2000
0027
280
437
#
1
2
20000028.pcx
2000
0028
280
437
#
1
2
20000029.pcx
2000
0029
280
437
#
1
2
20000030.pcx
2000
0030
280
437
#
1
2
20000031.pcx
2000
0031
280
437
#
1
2
20000032.pcx
2000
0032
280
437
#
1
2
20000033.pcx
2000
0033
280
437
#
1
2
20000034.pcx
2000
0034
280
437
#
1
2
20000035.pcx
2000
0035
280
437
#
1
2
20000036.pcx
2000
0036
280
437
#
1
2
20000037.pcx
2000
0037
280
437
#
1
2
20000038.pcx
2000
0038
280
437
#
1
2
25000000.pcx
2500
0000
280
437
#
1
2
25000001.pcx
2500
0001
280
437
#
1
2
25000002.pcx
2500
0002
280
437
#
1
2
25000003.pcx
2500
0003
280
437
#
1
2
25000004.pcx
2500
0004
280
437
#
1
2
25000005.pcx
2500
0005
280
437
#
1
2
25000006.pcx
2500
0006
280
437
#
1
2
25000007.pcx
2500
0007
280
437
#
1
2
25000008.pcx
2500
0008
280
437
#
1
2
25000009.pcx
2500
0009
280
437
#
1
2
25000010.pcx
2500
0010
280
437
#
1
2
25000011.pcx
2500
0011
280
437
#
1
2
25000012.pcx
2500
0012
280
437
#
1
2
25000013.pcx
2500
0013
280
437
#
1
2
25000014.pcx
2500
0014
280
437
#
1
2
25000015.pcx
2500
0015
280
437
#
1
2
25000016.pcx
2500
0016
280
437
#
1
2
30000000.pcx
3000
0000
280
437
#
1
2
30000001.pcx
3000
0001
280
437
#
1
2
30000002.pcx
3000
0002
280
437
#
1
2
30000003.pcx
3000
0003
280
437
#
1
2
30000004.pcx
3000
0004
280
437
#
1
2
30000005.pcx
3000
0005
280
437
#
1
2
30000006.pcx
3000
0006
280
437
#
1
2
30000007.pcx
3000
0007
280
437
#
1
2
30000008.pcx
3000
0008
280
437
#
1
2
30000009.pcx
3000
0009
280
437
#
1
2
30000010.pcx
3000
0010
280
437
#
1
2
30000011.pcx
3000
0011
280
437
#
1
2
30000012.pcx
3000
0012
280
437
#
1
2
30100000.pcx
3010
0000
280
437
#
1
2
30100001.pcx
3010
0001
280
437
#
1
2
40000000.pcx
4000
0000
280
437
#
1
2
40000001.pcx
4000
0001
280
437
#
1
2
40000002.pcx
4000
0002
280
437
#
1
2
40000003.pcx
4000
0003
280
437
#
1
2
40000004.pcx
4000
0004
280
437
#
1
2
40000005.pcx
4000
0005
280
437
#
1
2
40000006.pcx
4000
0006
280
437
#
1
2
40000007.pcx
4000
0007
280
437
#
1
2
40000008.pcx
4000
0008
280
437
#
1
2
40000009.pcx
4000
0009
280
437
#
1
2
40000010.pcx
4000
0010
280
437
#
1
2
40000011.pcx
4000
0011
280
437
#
1
2
40000012.pcx
4000
0012
280
437
#
1
2
40000013.pcx
4000
0013
280
437
#
1
2
40000014.pcx
4000
0014
280
437
#
1
2
40000015.pcx
4000
0015
280
437
#
1
2
40000016.pcx
4000
0016
280
437
#
1
2
40000017.pcx
4000
0017
280
437
#
1
2
40000018.pcx
4000
0018
280
437
#
1
2
40000019.pcx
4000
0019
280
437
#
1
2
40000020.pcx
4000
0020
280
437
#
1
2
40000021.pcx
4000
0021
280
437
#
1
2
40000022.pcx
4000
0022
280
437
#
1
2
40000023.pcx
4000
0023
280
437
#
1
2
40000024.pcx
4000
0024
280
437
#
1
2
40000025.pcx
4000
0025
280
437
#
1
2
40000026.pcx
4000
0026
280
437
#
1
2
40000027.pcx
4000
0027
280
437
#
1
2
40000028.pcx
4000
0028
280
437
#
1
2
40000029.pcx
4000
0029
280
437
#
1
2
40000030.pcx
4000
0030
280
437
#
1
2
40000031.pcx
4000
0031
280
437
#
1
2
40000032.pcx
4000
0032
280
437
#
1
2
40500000.pcx
4050
0000
280
437
#
1
2
40500001.pcx
4050
0001
280
437
#
1
2
40500002.pcx
4050
0002
280
437
#
1
2
40500003.pcx
4050
0003
280
437
#
1
2
40500004.pcx
4050
0004
280
437
#
1
2
40500005.pcx
4050
0005
280
437
#
1
2
40500006.pcx
4050
0006
280
437
#
1
2
40500007.pcx
4050
0007
280
437
#
1
2
40500008.pcx
4050
0008
280
437
#
1
2
40500009.pcx
4050
0009
280
437
#
1
2
40500010.pcx
4050
0010
280
437
#
1
2
40500011.pcx
4050
0011
280
437
#
1
2
40500012.pcx
4050
0012
280
437
#
1
2
40500013.pcx
4050
0013
280
437
#
1
2
40500014.pcx
4050
0014
280
437
#
1
2
40500015.pcx
4050
0015
280
437
#
1
2
40500016.pcx
4050
0016
280
437
#
1
2
40500017.pcx
4050
0017
280
437
#
1
2
40500018.pcx
4050
0018
280
437
#
1
2
40500019.pcx
4050
0019
280
437
#
1
2
40500020.pcx
4050
0020
280
437
#
1
2
40500021.pcx
4050
0021
280
437
#
1
2
40500022.pcx
4050
0022
280
437
#
1
2
40500023.pcx
4050
0023
280
437
#
1
2
40500024.pcx
4050
0024
280
437
#
1
2
40500025.pcx
4050
0025
280
437
#
1
2
40500026.pcx
4050
0026
280
437
#
1
2
40500027.pcx
4050
0027
280
437
#
1
2
40500028.pcx
4050
0028
280
437
#
1
2
40500029.pcx
4050
0029
280
437
#
1
2
40500030.pcx
4050
0030
280
437
#
1
2
40500031.pcx
4050
0031
280
437
#
1
2
40500032.pcx
4050
0032
280
437
#
1
2
40500033.pcx
4050
0033
280
437
#
1
2
40500034.pcx
4050
0034
280
437
#
1
2
40500035.pcx
4050
0035
280
437
#
1
2
40500036.pcx
4050
0036
280
437
#
1
2
40500037.pcx
4050
0037
280
437
#
1
2
40500038.pcx
4050
0038
280
437
#
1
2
40500039.pcx
4050
0039
280
437
#
1
2
40500040.pcx
4050
0040
280
437
#
1
2
44800000.pcx
4480
0000
280
437
#
1
2
44800001.pcx
4480
0001
280
437
#
1
2
44800002.pcx
4480
0002
280
437
#
1
2
44800003.pcx
4480
0003
280
437
#
1
2
44800004.pcx
4480
0004
280
437
#
1
2
44800005.pcx
4480
0005
280
437
#
1
2
44800006.pcx
4480
0006
280
437
#
1
2
44800007.pcx
4480
0007
280
437
#
1
2
44800008.pcx
4480
0008
280
437
#
1
2
44800009.pcx
4480
0009
280
437
#
1
2
44800010.pcx
4480
0010
280
437
#
1
2
44800011.pcx
4480
0011
280
437
#
1
2
44800012.pcx
4480
0012
280
437
#
1
2
44800013.pcx
4480
0013
280
437
#
1
2
44800014.pcx
4480
0014
280
437
#
1
2
44800015.pcx
4480
0015
280
437
#
1
2
44850000.pcx
4485
0000
280
437
#
1
2
44850001.pcx
4485
0001
280
437
#
1
2
44850002.pcx
4485
0002
280
437
#
1
2
44850003.pcx
4485
0003
280
437
#
1
2
45000000.pcx
4500
0000
280
437
#
1
2
45000001.pcx
4500
0001
280
437
#
1
2
45000002.pcx
4500
0002
280
437
#
1
2
45000003.pcx
4500
0003
280
437
#
1
2
45000004.pcx
4500
0004
280
437
#
1
2
45000005.pcx
4500
0005
280
437
#
1
2
45000006.pcx
4500
0006
280
437
#
1
2
45000007.pcx
4500
0007
280
437
#
1
2
45000008.pcx
4500
0008
280
437
#
1
2
45000009.pcx
4500
0009
280
437
#
1
2
45000010.pcx
4500
0010
280
437
#
1
2
45000011.pcx
4500
0011
280
437
#
1
2
45000012.pcx
4500
0012
280
437
#
1
2
45000013.pcx
4500
0013
280
437
#
1
2
45000014.pcx
4500
0014
280
437
#
1
2
45000015.pcx
4500
0015
280
437
#
1
2
45000016.pcx
4500
0016
280
437
#
1
2
45000017.pcx
4500
0017
280
437
#
1
2
45000018.pcx
4500
0018
280
437
#
1
2
45000019.pcx
4500
0019
280
437
#
1
2
45000020.pcx
4500
0020
280
437
#
1
2
45000021.pcx
4500
0021
280
437
#
1
2
45500000.pcx
4550
0000
280
437
#
1
2
45500001.pcx
4550
0001
280
437
#
1
2
45500002.pcx
4550
0002
280
437
#
1
2
45500003.pcx
4550
0003
280
437
#
1
2
45500004.pcx
4550
0004
280
437
#
1
2
45500005.pcx
4550
0005
280
437
#
1
2
45500006.pcx
4550
0006
280
437
#
1
2
45500007.pcx
4550
0007
280
437
#
1
2
45500008.pcx
4550
0008
280
437
#
1
2
45500009.pcx
4550
0009
280
437
#
1
2
45500010.pcx
4550
0010
280
437
#
1
2
45500011.pcx
4550
0011
280
437
#
1
2
45500012.pcx
4550
0012
280
437
#
1
2
45500013.pcx
4550
0013
280
437
#
1
2
45500014.pcx
4550
0014
280
437
#
1
2
45500015.pcx
4550
0015
280
437
#
1
2
45500016.pcx
4550
0016
280
437
#
1
2
50000000.pcx
5000
0000
280
437
#
1
2
50000001.pcx
5000
0001
280
437
#
1
2
50000002.pcx
5000
0002
280
437
#
1
2
50000003.pcx
5000
0003
280
437
#
1
2
50010000.pcx
5001
0000
280
437
#
1
2
50010001.pcx
5001
0001
280
437
#
1
2
50010002.pcx
5001
0002
280
437
#
1
2
50010003.pcx
5001
0003
280
437
#
1
2
50020000.pcx
5002
0000
280
437
#
1
2
50020001.pcx
5002
0001
280
437
#
1
2
50020002.pcx
5002
0002
280
437
#
1
2
50020003.pcx
5002
0003
280
437
#
1
2
50100000.pcx
5010
0000
280
437
#
1
2
50100001.pcx
5010
0001
280
437
#
1
2
50100002.pcx
5010
0002
280
437
#
1
2
50100003.pcx
5010
0003
280
437
#
1
2
50200000.pcx
5020
0000
280
437
#
1
2
50200001.pcx
5020
0001
280
437
#
1
2
50200002.pcx
5020
0002
280
437
#
1
2
50200003.pcx
5020
0003
280
437
#
1
2
50300000.pcx
5030
0000
280
437
#
1
2
50300001.pcx
5030
0001
280
437
#
1
2
50300002.pcx
5030
0002
280
437
#
1
2
50300003.pcx
5030
0003
280
437
#
1
2
50350000.pcx
5035
0000
280
437
#
1
2
50350001.pcx
5035
0001
280
437
#
1
2
50350002.pcx
5035
0002
280
437
#
1
2
50350003.pcx
5035
0003
280
437
#
1
2
50350004.pcx
5035
0004
280
437
#
1
2
50350005.pcx
5035
0005
280
437
#
1
2
50350006.pcx
5035
0006
280
437
#
1
2
50350007.pcx
5035
0007
280
437
#
1
2
50350008.pcx
5035
0008
280
437
#
1
2
50350009.pcx
5035
0009
280
437
#
1
2
50600000.pcx
5060
0000
280
437
#
1
2
50600001.pcx
5060
0001
280
437
#
1
2
50610000.pcx
5061
0000
280
437
#
1
2
50610001.pcx
5061
0001
280
437
#
1
2
50610002.pcx
5061
0002
280
437
#
1
2
50610003.pcx
5061
0003
280
437
#
1
2
50610004.pcx
5061
0004
280
437
#
1
2
50610005.pcx
5061
0005
280
437
#
1
2
50620000.pcx
5062
0000
280
437
#
1
2
50620001.pcx
5062
0001
280
437
#
1
2
50620002.pcx
5062
0002
280
437
#
1
2
50620003.pcx
5062
0003
280
437
#
1
2
50620004.pcx
5062
0004
280
437
#
1
2
50620005.pcx
5062
0005
280
437
#
1
2
50800000.pcx
5080
0000
280
437
#
1
2
50800001.pcx
5080
0001
280
437
#
1
2
50800002.pcx
5080
0002
280
437
#
1
2
51000000.pcx
5100
0000
280
437
#
1
2
51000001.pcx
5100
0001
280
437
#
1
2
51200000.pcx
5120
0000
280
437
#
1
2
51200001.pcx
5120
0001
280
437
#
1
2
51200002.pcx
5120
0002
280
437
#
1
2
51200003.pcx
5120
0003
280
437
#
1
2
51200004.pcx
5120
0004
280
437
#
1
2
51200005.pcx
5120
0005
280
437
#
1
2
51200006.pcx
5120
0006
280
437
#
1
2
51230000.pcx
5123
0000
280
437
#
1
2
51230001.pcx
5123
0001
280
437
#
1
2
51230002.pcx
5123
0002
280
437
#
1
2
51230003.pcx
5123
0003
280
437
#
1
2
51230004.pcx
5123
0004
280
437
#
1
2
51230005.pcx
5123
0005
280
437
#
1
1
90000001.pcx
9000
0001
0
0
