[Begin Action 0000]
Clsn2Default: 2
 Clsn2[0] = -23,-86, 17,  0
 Clsn2[1] =  -9,-101,  6,-86
0000,0000,0,0,4
0000,0001,0,0,4
0000,0002,0,0,4
0000,0003,0,0,4
0000,0004,0,0,4
0000,0005,0,0,4
0000,0006,0,0,4
0000,0007,0,0,4
0000,0008,0,0,4
0000,0009,0,0,4
0000,0010,0,0,4
[Begin Action 0005]
Clsn2Default: 2
 Clsn2[0] = -23,-86, 17,  0
 Clsn2[1] =  -9,-101,  6,-86
0005,0000,0,0,4
0005,0001,0,0,4
0005,0002,0,0,4
0005,0003,0,0,4
0005,0004,0,0,4
0005,0005,0,0,4
[Begin Action 0006]
Clsn2Default: 2
 Clsn2[0] = -23,-86, 17,  0
 Clsn2[1] =  -9,-101,  6,-86
0006,0000,0,0,4
0006,0001,0,0,4
0006,0002,0,0,4
0006,0003,0,0,4
0006,0004,0,0,4
[Begin Action 0010]
Clsn2Default: 2
 Clsn2[0] = -23,-86, 17,  0
 Clsn2[1] =  -9,-101,  6,-86
0010,0000,0,0,4
0010,0001,0,0,4
0010,0002,0,0,4
[Begin Action 0011]
Clsn2Default: 2
 Clsn2[0] = -23,-86, 17,  0
 Clsn2[1] =  -9,-101,  6,-86
0011,0000,0,0,4
0011,0001,0,0,4
[Begin Action 0012]
Clsn2Default: 2
 Clsn2[0] = -23,-86, 17,  0
 Clsn2[1] =  -9,-101,  6,-86
0012,0000,0,0,4
0012,0001,0,0,4
0012,0002,0,0,4
0012,0003,0,0,4
0012,0004,0,0,4
0012,0005,0,0,4
[Begin Action 0020]
Clsn2Default: 2
 Clsn2[0] = -23,-86, 17,  0
 Clsn2[1] =  -9,-101,  6,-86
0020,0000,0,0,4
0020,0001,0,0,4
0020,0002,0,0,4
0020,0003,0,0,4
0020,0004,0,0,4
0020,0005,0,0,4
0020,0006,0,0,4
0020,0007,0,0,4
0020,0008,0,0,4
0020,0009,0,0,4
[Begin Action 0021]
Clsn2Default: 2
 Clsn2[0] = -23,-86, 17,  0
 Clsn2[1] =  -9,-101,  6,-86
0021,0000,0,0,4
0021,0001,0,0,4
0021,0002,0,0,4
0021,0003,0,0,4
0021,0004,0,0,4
0021,0005,0,0,4
0021,0006,0,0,4
0021,0007,0,0,4
0021,0008,0,0,4
0021,0009,0,0,4
[Begin Action 0040]
Clsn2Default: 2
 Clsn2[0] = -23,-86, 17,  0
 Clsn2[1] =  -9,-101,  6,-86
0040,0000,0,0,4
0040,0001,0,0,4
[Begin Action 0041]
Clsn2Default: 2
 Clsn2[0] = -20,-93, 20,-34
 Clsn2[1] =  -8,-107, 11,-93
0041,0000,0,0,4
0041,0001,0,0,4
0041,0002,0,0,4
0041,0003,0,0,4
0041,0004,0,0,4
0041,0005,0,0,4
0041,0006,0,0,4
0041,0007,0,0,4
[Begin Action 0043]
Clsn2Default: 2
 Clsn2[0] = -23,-86, 17,  0
 Clsn2[1] =  -9,-101,  6,-86
0043,0000,0,0,4
0043,0001,0,0,4
[Begin Action 0044]
Clsn2Default: 2
 Clsn2[0] = -23,-86, 17,  0
 Clsn2[1] =  -9,-101,  6,-86
0044,0000,0,0,4
[Begin Action 0047]
Clsn2Default: 2
 Clsn2[0] = -23,-86, 17,  0
 Clsn2[1] =  -9,-101,  6,-86
0047,0000,0,0,4
0047,0001,0,0,4
[Begin Action 0100]
Clsn2Default: 2
 Clsn2[0] =  -9,-98,  7,-86
 Clsn2[1] = -20,-86, 15,  0
0100,0000,0,0,4
0100,0001,0,0,4
0100,0002,0,0,4
0100,0003,0,0,4
[Begin Action 0105]
Clsn2Default: 2
 Clsn2[0] = -20,-93, 20,-34
 Clsn2[1] =  -8,-107, 11,-93
0105,0000,0,0,4
0105,0001,0,0,4
0105,0002,0,0,4
0105,0003,0,0,4
[Begin Action 0120]
Clsn2Default: 2
 Clsn2[0] =  -9,-98,  7,-86
 Clsn2[1] = -20,-86, 15,  0
0120,0000,0,0,4
0120,0001,0,0,4
[Begin Action 0121]
Clsn2Default: 2
 Clsn2[0] = -24,-38, 23,  0
 Clsn2[1] = -10,-52, 15,-39
0121,0000,0,0,4
0121,0001,0,0,4
0121,0002,0,0,4
[Begin Action 0122]
Clsn2Default: 2
 Clsn2[0] = -20,-93, 20,-34
 Clsn2[1] =  -8,-107, 11,-93
0122,0000,0,0,4
0122,0001,0,0,4
[Begin Action 0180]
Clsn2Default: 2
 Clsn2[0] =  -9,-98,  7,-86
 Clsn2[1] = -20,-86, 15,  0
0180,0000,0,0,4
0180,0001,0,0,4
0180,0002,0,0,4
0180,0003,0,0,4
0180,0004,0,0,4
0180,0005,0,0,4
0180,0006,0,0,4
0180,0007,0,0,4
0180,0008,0,0,4
0180,0009,0,0,4
0180,0010,0,0,4
0180,0011,0,0,4
[Begin Action 0181]
Clsn2Default: 2
 Clsn2[0] =  -9,-98,  7,-86
 Clsn2[1] = -20,-86, 15,  0
0181,0000,0,0,4
0181,0001,0,0,4
0181,0002,0,0,4
0181,0003,0,0,4
0181,0004,0,0,4
0181,0005,0,0,4
0181,0006,0,0,4
0181,0007,0,0,4
0181,0008,0,0,4
0181,0009,0,0,4
[Begin Action 0182]
Clsn2Default: 2
 Clsn2[0] =  -9,-98,  7,-86
 Clsn2[1] = -20,-86, 15,  0
0182,0000,0,0,4
0182,0001,0,0,4
0182,0002,0,0,4
0182,0003,0,0,4
0182,0004,0,0,4
0182,0005,0,0,4
0182,0006,0,0,4
0182,0007,0,0,4
0182,0008,0,0,4
0182,0009,0,0,4
0182,0010,0,0,4
0182,0011,0,0,4
0182,0012,0,0,4
0182,0013,0,0,4
0182,0014,0,0,4
0182,0015,0,0,4
0182,0016,0,0,4
0182,0017,0,0,4
0182,0018,0,0,4
0182,0019,0,0,4
0182,0020,0,0,4
0182,0021,0,0,4
0182,0022,0,0,4
0182,0023,0,0,4
0182,0024,0,0,4
0182,0025,0,0,4
0182,0026,0,0,4
0182,0027,0,0,4
0182,0028,0,0,4
0182,0029,0,0,4
0182,0030,0,0,4
0182,0031,0,0,4
0182,0032,0,0,4
0182,0033,0,0,4
0182,0034,0,0,4
0182,0035,0,0,4
0182,0036,0,0,4
0182,0037,0,0,4
0182,0038,0,0,4
0182,0039,0,0,4
0182,0040,0,0,4
0182,0041,0,0,4
0182,0042,0,0,4
0182,0043,0,0,4
0182,0044,0,0,4
[Begin Action 0190]
Clsn2Default: 2
 Clsn2[0] =  -9,-98,  7,-86
 Clsn2[1] = -20,-86, 15,  0
0190,0000,0,0,4
0190,0001,0,0,4
0190,0002,0,0,4
0190,0003,0,0,4
0190,0004,0,0,4
0190,0005,0,0,4
0190,0006,0,0,4
0190,0007,0,0,4
0190,0008,0,0,4
0190,0009,0,0,4
[Begin Action 0195]
Clsn2Default: 2
 Clsn2[0] =  -9,-98,  7,-86
 Clsn2[1] = -20,-86, 15,  0
0195,0000,0,0,4
0195,0001,0,0,4
0195,0002,0,0,4
0195,0003,0,0,4
[Begin Action 0200]
Clsn2Default: 2
 Clsn2[0] = -23,-86, 17,  0
 Clsn2[1] =  -9,-101,  6,-86
0200,0000,0,0,4
0200,0001,0,0,4
0200,0002,0,0,4
0200,0003,0,0,4
0200,0004,0,0,4
0200,0005,0,0,4
[Begin Action 0210]
Clsn2Default: 2
 Clsn2[0] =  -9,-98,  7,-86
 Clsn2[1] = -20,-86, 15,  0
0210,0000,0,0,4
0210,0001,0,0,4
0210,0002,0,0,4
0210,0003,0,0,4
0210,0004,0,0,4
0210,0005,0,0,4
[Begin Action 0220]
Clsn2Default: 2
 Clsn2[0] =  -9,-98,  7,-86
 Clsn2[1] = -20,-86, 15,  0
0220,0000,0,0,4
0220,0001,0,0,4
0220,0002,0,0,4
0220,0003,0,0,4
0220,0004,0,0,4
0220,0005,0,0,4
0220,0006,0,0,4
0220,0007,0,0,4
0220,0008,0,0,4
0220,0009,0,0,4
0220,0010,0,0,4
[Begin Action 0230]
Clsn2Default: 2
 Clsn2[0] =  -9,-98,  7,-86
 Clsn2[1] = -20,-86, 15,  0
0230,0000,0,0,4
0230,0001,0,0,4
0230,0002,0,0,4
[Begin Action 0240]
Clsn2Default: 2
 Clsn2[0] =  -9,-98,  7,-86
 Clsn2[1] = -20,-86, 15,  0
0240,0000,0,0,4
0240,0001,0,0,4
0240,0002,0,0,4
0240,0003,0,0,4
0240,0004,0,0,4
0240,0005,0,0,4
[Begin Action 0250]
Clsn2Default: 2
 Clsn2[0] =  -9,-98,  7,-86
 Clsn2[1] = -20,-86, 15,  0
0250,0000,0,0,4
0250,0001,0,0,4
0250,0002,0,0,4
0250,0003,0,0,4
0250,0004,0,0,4
0250,0005,0,0,4
0250,0006,0,0,4
0250,0007,0,0,4
[Begin Action 0255]
Clsn2Default: 2
 Clsn2[0] =  -9,-98,  7,-86
 Clsn2[1] = -20,-86, 15,  0
0255,0000,0,0,4
0255,0001,0,0,4
0255,0002,0,0,4
0255,0003,0,0,4
0255,0004,0,0,4
0255,0005,0,0,4
0255,0006,0,0,4
0255,0007,0,0,4
0255,0008,0,0,4
0255,0009,0,0,4
[Begin Action 0400]
Clsn2Default: 2
 Clsn2[0] = -24,-38, 23,  0
 Clsn2[1] = -10,-52, 15,-39
0400,0000,0,0,4
0400,0001,0,0,4
0400,0002,0,0,4
0400,0003,0,0,4
[Begin Action 0410]
Clsn2Default: 2
 Clsn2[0] = -24,-38, 23,  0
 Clsn2[1] = -10,-52, 15,-39
0410,0000,0,0,4
0410,0001,0,0,4
0410,0002,0,0,4
0410,0003,0,0,4
0410,0004,0,0,4
0410,0005,0,0,4
[Begin Action 0420]
Clsn2Default: 2
 Clsn2[0] = -24,-38, 23,  0
 Clsn2[1] = -10,-52, 15,-39
0420,0000,0,0,4
0420,0001,0,0,4
0420,0002,0,0,4
0420,0003,0,0,4
0420,0004,0,0,4
0420,0005,0,0,4
0420,0006,0,0,4
0420,0007,0,0,4
0420,0008,0,0,4
[Begin Action 0430]
Clsn2Default: 2
 Clsn2[0] = -24,-38, 23,  0
 Clsn2[1] = -10,-52, 15,-39
0430,0000,0,0,4
0430,0001,0,0,4
0430,0002,0,0,4
0430,0003,0,0,4
0430,0004,0,0,4
[Begin Action 0440]
Clsn2Default: 2
 Clsn2[0] = -24,-38, 23,  0
 Clsn2[1] = -10,-52, 15,-39
0440,0000,0,0,4
0440,0001,0,0,4
0440,0002,0,0,4
0440,0003,0,0,4
0440,0004,0,0,4
0440,0005,0,0,4
[Begin Action 0450]
Clsn2Default: 2
 Clsn2[0] = -24,-38, 23,  0
 Clsn2[1] = -10,-52, 15,-39
0450,0000,0,0,4
0450,0001,0,0,4
0450,0002,0,0,4
0450,0003,0,0,4
0450,0004,0,0,4
0450,0005,0,0,4
0450,0006,0,0,4
0450,0007,0,0,4
0450,0008,0,0,4
0450,0009,0,0,4
0450,0010,0,0,4
0450,0011,0,0,4
0450,0012,0,0,4
[Begin Action 0600]
Clsn2Default: 3
 Clsn2[0] = -20,-93, 20,-34
 Clsn2[1] =  -8,-107, 11,-93
 Clsn2[2] =  35,-96, 55,-84
0600,0000,0,0,4
0600,0001,0,0,4
0600,0002,0,0,4
0600,0003,0,0,4
[Begin Action 0610]
Clsn2Default: 3
 Clsn2[0] = -20,-93, 20,-34
 Clsn2[1] =  -8,-107, 11,-93
 Clsn2[2] =  35,-96, 55,-84
0610,0000,0,0,4
0610,0001,0,0,4
0610,0002,0,0,4
0610,0003,0,0,4
0610,0004,0,0,4
[Begin Action 0620]
Clsn2Default: 3
 Clsn2[0] = -20,-93, 20,-34
 Clsn2[1] =  -8,-107, 11,-93
 Clsn2[2] =  35,-96, 55,-84
0620,0000,0,0,4
0620,0001,0,0,4
0620,0002,0,0,4
0620,0003,0,0,4
0620,0004,0,0,4
0620,0005,0,0,4
0620,0006,0,0,4
[Begin Action 0630]
Clsn2Default: 3
 Clsn2[0] = -20,-93, 20,-34
 Clsn2[1] =  -8,-107, 11,-93
 Clsn2[2] =  35,-96, 55,-84
0630,0000,0,0,4
0630,0001,0,0,4
0630,0002,0,0,4
0630,0003,0,0,4
[Begin Action 0640]
Clsn2Default: 3
 Clsn2[0] = -20,-93, 20,-34
 Clsn2[1] =  -8,-107, 11,-93
 Clsn2[2] =  35,-96, 55,-84
0640,0000,0,0,4
0640,0001,0,0,4
0640,0002,0,0,4
0640,0003,0,0,4
0640,0004,0,0,4
[Begin Action 0650]
Clsn2Default: 3
 Clsn2[0] = -20,-93, 20,-34
 Clsn2[1] =  -8,-107, 11,-93
 Clsn2[2] =  35,-96, 55,-84
0650,0000,0,0,4
0650,0001,0,0,4
0650,0002,0,0,4
0650,0003,0,0,4
0650,0004,0,0,4
0650,0005,0,0,4
[Begin Action 0800]
Clsn2Default: 2
 Clsn2[0] =  -9,-98,  7,-86
 Clsn2[1] = -20,-86, 15,  0
0800,0000,0,0,4
0800,0001,0,0,4
0800,0002,0,0,4
0800,0003,0,0,4
0800,0004,0,0,4
0800,0005,0,0,4
0800,0006,0,0,4
0800,0007,0,0,4
0800,0008,0,0,4
0800,0009,0,0,4
[Begin Action 0810]
Clsn2Default: 2
 Clsn2[0] =  -9,-98,  7,-86
 Clsn2[1] = -20,-86, 15,  0
0810,0000,0,0,4
0810,0001,0,0,4
0810,0002,0,0,4
0810,0003,0,0,4
0810,0004,0,0,4
0810,0005,0,0,4
0810,0006,0,0,4
[Begin Action 1000]
Clsn2Default: 2
 Clsn2[0] =  -9,-98,  7,-86
 Clsn2[1] = -20,-86, 15,  0
1000,0000,0,0,4
1000,0001,0,0,4
1000,0002,0,0,4
1000,0003,0,0,4
1000,0004,0,0,4
1000,0005,0,0,4
1000,0006,0,0,4
[Begin Action 1005]
Clsn2Default: 2
 Clsn2[0] =  -9,-98,  7,-86
 Clsn2[1] = -20,-86, 15,  0
1005,0000,0,0,4
1005,0001,0,0,4
1005,0002,0,0,4
1005,0003,0,0,4
1005,0004,0,0,4
1005,0005,0,0,4
1005,0006,0,0,4
1005,0007,0,0,4
1005,0008,0,0,4
1005,0009,0,0,4
1005,0010,0,0,4
1005,0011,0,0,4
1005,0012,0,0,4
1005,0013,0,0,4
1005,0014,0,0,4
1005,0015,0,0,4
1005,0016,0,0,4
[Begin Action 1010]
Clsn2Default: 2
 Clsn2[0] =  -9,-98,  7,-86
 Clsn2[1] = -20,-86, 15,  0
1010,0000,0,0,4
1010,0001,0,0,4
1010,0002,0,0,4
1010,0003,0,0,4
1010,0004,0,0,4
1010,0005,0,0,4
1010,0006,0,0,4
1010,0007,0,0,4
1010,0008,0,0,4
1010,0009,0,0,4
1010,0010,0,0,4
1010,0011,0,0,4
1010,0012,0,0,4
1010,0013,0,0,4
1010,0014,0,0,4
[Begin Action 1015]
Clsn2Default: 2
 Clsn2[0] =  -9,-98,  7,-86
 Clsn2[1] = -20,-86, 15,  0
1015,0000,0,0,4
[Begin Action 1500]
Clsn2Default: 2
 Clsn2[0] =  -9,-98,  7,-86
 Clsn2[1] = -20,-86, 15,  0
1500,0000,0,0,4
1500,0001,0,0,4
1500,0002,0,0,4
1500,0003,0,0,4
1500,0004,0,0,4
1500,0005,0,0,4
1500,0006,0,0,4
1500,0007,0,0,4
1500,0008,0,0,4
1500,0009,0,0,4
1500,0010,0,0,4
1500,0011,0,0,4
1500,0012,0,0,4
1500,0013,0,0,4
1500,0014,0,0,4
1500,0015,0,0,4
1500,0016,0,0,4
[Begin Action 1505]
Clsn2Default: 2
 Clsn2[0] =  -9,-98,  7,-86
 Clsn2[1] = -20,-86, 15,  0
1505,0000,0,0,4
1505,0001,0,0,4
1505,0002,0,0,4
1505,0003,0,0,4
[Begin Action 1510]
Clsn2Default: 2
 Clsn2[0] =  -9,-98,  7,-86
 Clsn2[1] = -20,-86, 15,  0
1510,0000,0,0,4
1510,0001,0,0,4
1510,0002,0,0,4
1510,0003,0,0,4
1510,0004,0,0,4
1510,0005,0,0,4
1510,0006,0,0,4
1510,0007,0,0,4
1510,0008,0,0,4
[Begin Action 1520]
Clsn2Default: 2
 Clsn2[0] =  -9,-98,  7,-86
 Clsn2[1] = -20,-86, 15,  0
1520,0000,0,0,4
1520,0001,0,0,4
1520,0002,0,0,4
1520,0003,0,0,4
1520,0004,0,0,4
1520,0005,0,0,4
1520,0006,0,0,4
1520,0007,0,0,4
1520,0008,0,0,4
1520,0009,0,0,4
1520,0010,0,0,4
1520,0011,0,0,4
1520,0012,0,0,4
1520,0013,0,0,4
[Begin Action 1525]
Clsn2Default: 2
 Clsn2[0] =  -9,-98,  7,-86
 Clsn2[1] = -20,-86, 15,  0
1525,0000,0,0,4
1525,0001,0,0,4
[Begin Action 1530]
Clsn2Default: 2
 Clsn2[0] =  -9,-98,  7,-86
 Clsn2[1] = -20,-86, 15,  0
1530,0000,0,0,4
1530,0001,0,0,4
1530,0002,0,0,4
1530,0003,0,0,4
1530,0004,0,0,4
1530,0005,0,0,4
1530,0006,0,0,4
1530,0007,0,0,4
1530,0008,0,0,4
1530,0009,0,0,4
[Begin Action 2000]
Clsn2Default: 2
 Clsn2[0] =  -9,-98,  7,-86
 Clsn2[1] = -20,-86, 15,  0
2000,0000,0,0,4
2000,0001,0,0,4
2000,0002,0,0,4
2000,0003,0,0,4
2000,0004,0,0,4
2000,0005,0,0,4
2000,0006,0,0,4
2000,0007,0,0,4
2000,0008,0,0,4
2000,0009,0,0,4
2000,0010,0,0,4
2000,0011,0,0,4
2000,0012,0,0,4
[Begin Action 2005]
Clsn2Default: 2
 Clsn2[0] =  -9,-98,  7,-86
 Clsn2[1] = -20,-86, 15,  0
2005,0000,0,0,4
2005,0001,0,0,4
[Begin Action 2010]
Clsn2Default: 2
 Clsn2[0] =  -9,-98,  7,-86
 Clsn2[1] = -20,-86, 15,  0
2010,0000,0,0,4
2010,0001,0,0,4
2010,0002,0,0,4
2010,0003,0,0,4
2010,0004,0,0,4
2010,0005,0,0,4
[Begin Action 2020]
Clsn2Default: 2
 Clsn2[0] =  -9,-98,  7,-86
 Clsn2[1] = -20,-86, 15,  0
2020,0000,0,0,4
2020,0001,0,0,4
2020,0002,0,0,4
2020,0003,0,0,4
2020,0004,0,0,4
2020,0005,0,0,4
2020,0006,0,0,4
2020,0007,0,0,4
2020,0008,0,0,4
2020,0009,0,0,4
2020,0010,0,0,4
2020,0011,0,0,4
2020,0012,0,0,4
2020,0013,0,0,4
2020,0014,0,0,4
2020,0015,0,0,4
2020,0016,0,0,4
2020,0017,0,0,4
2020,0018,0,0,4
[Begin Action 2500]
Clsn2Default: 2
 Clsn2[0] =  -9,-98,  7,-86
 Clsn2[1] = -20,-86, 15,  0
2500,0000,0,0,4
2500,0001,0,0,4
2500,0002,0,0,4
2500,0003,0,0,4
2500,0004,0,0,4
[Begin Action 2505]
Clsn2Default: 2
 Clsn2[0] =  -9,-98,  7,-86
 Clsn2[1] = -20,-86, 15,  0
2505,0000,0,0,4
2505,0001,0,0,4
2505,0002,0,0,4
2505,0003,0,0,4
[Begin Action 2510]
Clsn2Default: 2
 Clsn2[0] =  -9,-98,  7,-86
 Clsn2[1] = -20,-86, 15,  0
2510,0000,0,0,4
2510,0001,0,0,4
2510,0002,0,0,4
2510,0003,0,0,4
[Begin Action 2515]
Clsn2Default: 2
 Clsn2[0] =  -9,-98,  7,-86
 Clsn2[1] = -20,-86, 15,  0
2515,0000,0,0,4
2515,0001,0,0,4
2515,0002,0,0,4
2515,0003,0,0,4
2515,0004,0,0,4
2515,0005,0,0,4
2515,0006,0,0,4
2515,0007,0,0,4
2515,0008,0,0,4
2515,0009,0,0,4
2515,0010,0,0,4
2515,0011,0,0,4
2515,0012,0,0,4
2515,0013,0,0,4
2515,0014,0,0,4
[Begin Action 3500]
Clsn2Default: 2
 Clsn2[0] =  -9,-98,  7,-86
 Clsn2[1] = -20,-86, 15,  0
3500,0000,0,0,4
3500,0001,0,0,4
3500,0002,0,0,4
3500,0003,0,0,4
3500,0004,0,0,4
3500,0005,0,0,4
3500,0006,0,0,4
3500,0007,0,0,4
3500,0008,0,0,4
3500,0009,0,0,4
3500,0010,0,0,4
3500,0011,0,0,4
3500,0012,0,0,4
[Begin Action 3510]
Clsn2Default: 2
 Clsn2[0] =  -9,-98,  7,-86
 Clsn2[1] = -20,-86, 15,  0
3510,0000,0,0,4
3510,0001,0,0,4
3510,0002,0,0,4
3510,0003,0,0,4
3510,0004,0,0,4
3510,0005,0,0,4
3510,0006,0,0,4
3510,0007,0,0,4
3510,0008,0,0,4
3510,0009,0,0,4
3510,0010,0,0,4
3510,0011,0,0,4
3510,0012,0,0,4
3510,0013,0,0,4
3510,0014,0,0,4
3510,0015,0,0,4
3510,0016,0,0,4
3510,0017,0,0,4
3510,0018,0,0,4
3510,0019,0,0,4
3510,0020,0,0,4
3510,0021,0,0,4
3510,0022,0,0,4
3510,0023,0,0,4
3510,0024,0,0,4
3510,0025,0,0,4
3510,0026,0,0,4
3510,0027,0,0,4
3510,0028,0,0,4
3510,0029,0,0,4
3510,0030,0,0,4
3510,0031,0,0,4
3510,0032,0,0,4
3510,0033,0,0,4
3510,0034,0,0,4
3510,0035,0,0,4
3510,0036,0,0,4
[Begin Action 3515]
Clsn2Default: 2
 Clsn2[0] =  -9,-98,  7,-86
 Clsn2[1] = -20,-86, 15,  0
3515,0000,0,0,4
3515,0001,0,0,4
[Begin Action 3516]
Clsn2Default: 2
 Clsn2[0] =  -9,-98,  7,-86
 Clsn2[1] = -20,-86, 15,  0
3516,0000,0,0,4
3516,0001,0,0,4
[Begin Action 3520]
Clsn2Default: 2
 Clsn2[0] =  -9,-98,  7,-86
 Clsn2[1] = -20,-86, 15,  0
3520,0000,0,0,4
3520,0001,0,0,4
3520,0002,0,0,4
3520,0003,0,0,4
[Begin Action 4000]
Clsn2Default: 2
 Clsn2[0] =  -9,-98,  7,-86
 Clsn2[1] = -20,-86, 15,  0
4000,0000,0,0,4
4000,0001,0,0,4
4000,0002,0,0,4
4000,0003,0,0,4
4000,0004,0,0,4
[Begin Action 4005]
Clsn2Default: 2
 Clsn2[0] =  -9,-98,  7,-86
 Clsn2[1] = -20,-86, 15,  0
4005,0000,0,0,4
4005,0001,0,0,4
4005,0002,0,0,4
4005,0003,0,0,4
4005,0004,0,0,4
4005,0005,0,0,4
4005,0006,0,0,4
[Begin Action 4010]
Clsn2Default: 2
 Clsn2[0] =  -9,-98,  7,-86
 Clsn2[1] = -20,-86, 15,  0
4010,0000,0,0,4
[Begin Action 4015]
Clsn2Default: 2
 Clsn2[0] =  -9,-98,  7,-86
 Clsn2[1] = -20,-86, 15,  0
4015,0000,0,0,4
4015,0001,0,0,4
4015,0002,0,0,4
4015,0003,0,0,4
4015,0004,0,0,4
4015,0005,0,0,4
4015,0006,0,0,4
4015,0007,0,0,4
4015,0008,0,0,4
4015,0009,0,0,4
4015,0010,0,0,4
4015,0011,0,0,4
4015,0012,0,0,4
4015,0013,0,0,4
4015,0014,0,0,4
4015,0015,0,0,4
4015,0016,0,0,4
4015,0017,0,0,4
4015,0018,0,0,4
4015,0019,0,0,4
[Begin Action 4410]
Clsn2Default: 2
 Clsn2[0] =  -9,-98,  7,-86
 Clsn2[1] = -20,-86, 15,  0
4410,0000,0,0,4
4410,0001,0,0,4
4410,0002,0,0,4
4410,0003,0,0,4
4410,0004,0,0,4
[Begin Action 4480]
Clsn2Default: 2
 Clsn2[0] =  -9,-98,  7,-86
 Clsn2[1] = -20,-86, 15,  0
4480,0000,0,0,4
4480,0001,0,0,4
4480,0002,0,0,4
4480,0003,0,0,4
4480,0004,0,0,4
4480,0005,0,0,4
[Begin Action 4500]
Clsn2Default: 2
 Clsn2[0] =  -9,-98,  7,-86
 Clsn2[1] = -20,-86, 15,  0
4500,0000,0,0,4
4500,0001,0,0,4
4500,0002,0,0,4
4500,0003,0,0,4
4500,0004,0,0,4
4500,0005,0,0,4
4500,0006,0,0,4
4500,0007,0,0,4
4500,0008,0,0,4
4500,0009,0,0,4
4500,0010,0,0,4
4500,0011,0,0,4
4500,0012,0,0,4
4500,0013,0,0,4
4500,0014,0,0,4
4500,0015,0,0,4
[Begin Action 5000]
Clsn2Default: 2
 Clsn2[0] = -23,-86, 17,  0
 Clsn2[1] =  -9,-101,  6,-86
5000,0000,0,0,4
5000,0010,0,0,4
5000,0020,0,0,4
[Begin Action 5001]
Clsn2Default: 2
 Clsn2[0] = -23,-86, 17,  0
 Clsn2[1] =  -9,-101,  6,-86
5001,0000,0,0,4
5001,0010,0,0,4
5001,0020,0,0,4
[Begin Action 5002]
Clsn2Default: 2
 Clsn2[0] = -23,-86, 17,  0
 Clsn2[1] =  -9,-101,  6,-86
5002,0000,0,0,4
5002,0010,0,0,4
5002,0020,0,0,4
[Begin Action 5005]
Clsn2Default: 2
 Clsn2[0] = -23,-86, 17,  0
 Clsn2[1] =  -9,-101,  6,-86
5005,0000,0,0,4
[Begin Action 5010]
Clsn2Default: 2
 Clsn2[0] = -23,-86, 17,  0
 Clsn2[1] =  -9,-101,  6,-86
5010,0000,0,0,4
5010,0010,0,0,4
5010,0020,0,0,4
[Begin Action 5011]
Clsn2Default: 2
 Clsn2[0] = -23,-86, 17,  0
 Clsn2[1] =  -9,-101,  6,-86
5011,0000,0,0,4
5011,0010,0,0,4
5011,0020,0,0,4
[Begin Action 5012]
Clsn2Default: 2
 Clsn2[0] = -23,-86, 17,  0
 Clsn2[1] =  -9,-101,  6,-86
5012,0000,0,0,4
5012,0010,0,0,4
5012,0020,0,0,4
[Begin Action 5015]
Clsn2Default: 2
 Clsn2[0] = -23,-86, 17,  0
 Clsn2[1] =  -9,-101,  6,-86
5015,0000,0,0,4
[Begin Action 5020]
Clsn2Default: 2
 Clsn2[0] = -23,-86, 17,  0
 Clsn2[1] =  -9,-101,  6,-86
5020,0000,0,0,4
5020,0010,0,0,4
5020,0020,0,0,4
[Begin Action 5025]
Clsn2Default: 2
 Clsn2[0] = -23,-86, 17,  0
 Clsn2[1] =  -9,-101,  6,-86
5025,0000,0,0,4
[Begin Action 5030]
Clsn2Default: 2
 Clsn2[0] = -23,-86, 17,  0
 Clsn2[1] =  -9,-101,  6,-86
5030,0000,0,0,4
5030,0010,0,0,4
5030,0020,0,0,4
5030,0030,0,0,4
5030,0040,0,0,4
5030,0050,0,0,4
[Begin Action 5031]
Clsn2Default: 2
 Clsn2[0] = -23,-86, 17,  0
 Clsn2[1] =  -9,-101,  6,-86
5031,0000,0,0,4
5031,0010,0,0,4
5031,0020,0,0,4
5031,0030,0,0,4
5031,0040,0,0,4
5031,0050,0,0,4
[Begin Action 5032]
Clsn2Default: 2
 Clsn2[0] = -23,-86, 17,  0
 Clsn2[1] =  -9,-101,  6,-86
5032,0000,0,0,4
5032,0010,0,0,4
5032,0020,0,0,4
5032,0030,0,0,4
5032,0040,0,0,4
5032,0050,0,0,4
[Begin Action 5040]
Clsn2Default: 2
 Clsn2[0] = -23,-86, 17,  0
 Clsn2[1] =  -9,-101,  6,-86
5040,0000,0,0,4
5040,0010,0,0,4
5040,0020,0,0,4
[Begin Action 5041]
Clsn2Default: 2
 Clsn2[0] = -23,-86, 17,  0
 Clsn2[1] =  -9,-101,  6,-86
5041,0000,0,0,4
5041,0010,0,0,4
5041,0020,0,0,4
[Begin Action 5042]
Clsn2Default: 2
 Clsn2[0] = -23,-86, 17,  0
 Clsn2[1] =  -9,-101,  6,-86
5042,0000,0,0,4
5042,0010,0,0,4
5042,0020,0,0,4
[Begin Action 5060]
Clsn2Default: 2
 Clsn2[0] = -23,-86, 17,  0
 Clsn2[1] =  -9,-101,  6,-86
5060,0000,0,0,4
5060,0001,0,0,4
5060,0010,0,0,4
5060,0011,0,0,4
5060,0012,0,0,4
[Begin Action 5061]
Clsn2Default: 2
 Clsn2[0] = -23,-86, 17,  0
 Clsn2[1] =  -9,-101,  6,-86
5061,0000,0,0,4
5061,0010,0,0,4
[Begin Action 5062]
Clsn2Default: 2
 Clsn2[0] = -23,-86, 17,  0
 Clsn2[1] =  -9,-101,  6,-86
5062,0000,0,0,4
5062,0010,0,0,4
[Begin Action 5070]
Clsn2Default: 2
 Clsn2[0] = -23,-86, 17,  0
 Clsn2[1] =  -9,-101,  6,-86
5070,0000,0,0,4
5070,0010,0,0,4
5070,0020,0,0,4
[Begin Action 5071]
Clsn2Default: 2
 Clsn2[0] = -23,-86, 17,  0
 Clsn2[1] =  -9,-101,  6,-86
5071,0000,0,0,4
5071,0010,0,0,4
5071,0020,0,0,4
[Begin Action 5072]
Clsn2Default: 2
 Clsn2[0] = -23,-86, 17,  0
 Clsn2[1] =  -9,-101,  6,-86
5072,0000,0,0,4
5072,0010,0,0,4
5072,0020,0,0,4
[Begin Action 5080]
Clsn2Default: 2
 Clsn2[0] = -23,-86, 17,  0
 Clsn2[1] =  -9,-101,  6,-86
5080,0000,0,0,4
5080,0001,0,0,4
5080,0002,0,0,4
5080,0003,0,0,4
5080,0004,0,0,4
5080,0005,0,0,4
[Begin Action 5100]
Clsn2Default: 2
 Clsn2[0] = -23,-86, 17,  0
 Clsn2[1] =  -9,-101,  6,-86
5100,0000,0,0,4
5100,0001,0,0,4
5100,0002,0,0,4
5100,0003,0,0,4
5100,0004,0,0,4
5100,0005,0,0,4
5100,0006,0,0,4
[Begin Action 5120]
Clsn2Default: 2
 Clsn2[0] =  -9,-98,  7,-86
 Clsn2[1] = -20,-86, 15,  0
5120,0000,0,0,4
5120,0001,0,0,4
5120,0002,0,0,4
[Begin Action 5123]
Clsn2Default: 2
 Clsn2[0] = -23,-86, 17,  0
 Clsn2[1] =  -9,-101,  6,-86
5123,0000,0,0,4
5123,0001,0,0,4
5123,0002,0,0,4
5123,0003,0,0,4
5123,0004,0,0,4
5123,0005,0,0,4
5123,0006,0,0,4
